// Game: Quake
// Format: Standard
// entity 0
{
"classname" "worldspawn"
"wad" "C:/QuakeDev/wads/rogue.wad;C:/QuakeDev/wads/id1.wad;C:/QuakeDev/wads/hipnotic.wad"
// brush 0
{
( -64 -64 -16 ) ( -64 -63 -16 ) ( -64 -64 -15 ) bricka2_4 0 0 0 1 1
( -64 -112 -16 ) ( -64 -112 -15 ) ( -63 -112 -16 ) bricka2_4 0 0 0 1 1
( -64 -64 -16 ) ( -63 -64 -16 ) ( -64 -63 -16 ) bricka2_4 0 0 0 1 1
( 64 64 16 ) ( 64 65 16 ) ( 65 64 16 ) bricka2_4 0 0 0 1 1
( 64 192 16 ) ( 65 192 16 ) ( 64 192 17 ) bricka2_4 0 0 0 1 1
( 208 64 16 ) ( 208 64 17 ) ( 208 65 16 ) bricka2_4 0 0 0 1 1
}
// brush 1
{
( -64 176 16 ) ( -64 177 16 ) ( -64 176 17 ) bricka2_2 0 0 0 1 1
( -64 176 16 ) ( -64 176 17 ) ( -63 176 16 ) bricka2_2 0 0 0 1 1
( -64 176 16 ) ( -63 176 16 ) ( -64 177 16 ) bricka2_2 0 0 0 1 1
( 64 304 160 ) ( 64 305 160 ) ( 65 304 160 ) bricka2_2 0 0 0 1 1
( 64 208 48 ) ( 65 208 48 ) ( 64 208 49 ) bricka2_2 0 0 0 1 1
( 208 304 48 ) ( 208 304 49 ) ( 208 305 48 ) bricka2_2 0 0 0 1 1
}
// brush 2
{
( -64 -144 16 ) ( -64 -143 16 ) ( -64 -144 17 ) bricka2_2 0 0 0 1 1
( -64 -144 16 ) ( -64 -144 17 ) ( -63 -144 16 ) bricka2_2 0 0 0 1 1
( -64 -144 16 ) ( -63 -144 16 ) ( -64 -143 16 ) bricka2_2 0 0 0 1 1
( 64 -16 160 ) ( 64 -15 160 ) ( 65 -16 160 ) bricka2_2 0 0 0 1 1
( 64 -112 48 ) ( 65 -112 48 ) ( 64 -112 49 ) bricka2_2 0 0 0 1 1
( 208 -16 48 ) ( 208 -16 49 ) ( 208 -15 48 ) bricka2_2 0 0 0 1 1
}
// brush 3
{
( -80 208 16 ) ( -80 208 17 ) ( -80 207 16 ) bricka2_2 0 0 180 1 -1
( 48 -112 48 ) ( 48 -112 49 ) ( 49 -112 48 ) bricka2_2 0 0 0 1 1
( -80 208 16 ) ( -80 207 16 ) ( -79 208 16 ) bricka2_2 0 0 270 1 1
( 48 80 160 ) ( 49 80 160 ) ( 48 79 160 ) bricka2_2 0 0 270 1 1
( -80 208 16 ) ( -79 208 16 ) ( -80 208 17 ) bricka2_2 0 0 0 1 1
( -48 80 48 ) ( -48 79 48 ) ( -48 80 49 ) bricka2_2 0 0 180 1 -1
}
// brush 4
{
( 192 208 16 ) ( 192 208 17 ) ( 192 207 16 ) bricka2_2 0 0 180 1 -1
( 320 -112 48 ) ( 320 -112 49 ) ( 321 -112 48 ) bricka2_2 0 0 0 1 1
( 192 208 16 ) ( 192 207 16 ) ( 193 208 16 ) bricka2_2 0 0 270 1 1
( 320 80 160 ) ( 321 80 160 ) ( 320 79 160 ) bricka2_2 0 0 270 1 1
( 192 208 16 ) ( 193 208 16 ) ( 192 208 17 ) bricka2_2 0 0 0 1 1
( 224 80 48 ) ( 224 79 48 ) ( 224 80 49 ) bricka2_2 0 0 180 1 -1
}
// brush 5
{
( 4992 -384 -16 ) ( 4992 -383 -16 ) ( 4992 -384 -15 ) bricka2_4 0 0 0 1 1
( 4992 -384 -16 ) ( 4992 -384 -15 ) ( 4993 -384 -16 ) bricka2_4 0 0 0 1 1
( 4992 -384 -16 ) ( 4993 -384 -16 ) ( 4992 -383 -16 ) bricka2_4 0 0 0 1 1
( 5120 -256 16 ) ( 5120 -255 16 ) ( 5121 -256 16 ) bricka2_4 0 0 0 1 1
( 5120 -128 16 ) ( 5121 -128 16 ) ( 5120 -128 17 ) bricka2_4 0 0 0 1 1
( 5264 -256 16 ) ( 5264 -256 17 ) ( 5264 -255 16 ) bricka2_4 0 0 0 1 1
}
// brush 6
{
( -48 112 64 ) ( -48 111 64 ) ( -48 112 63 ) bricka2_2 32 -48 270 1 -1
( 96 -112 64 ) ( 96 -112 63 ) ( 95 -112 64 ) bricka2_2 16 -32 180 1 1
( 96 112 160 ) ( 95 112 160 ) ( 96 111 160 ) bricka2_2 16 -48 180 1 1
( 224 144 192 ) ( 224 143 192 ) ( 223 144 192 ) bricka2_2 16 -48 180 1 1
( 224 176 192 ) ( 223 176 192 ) ( 224 176 191 ) bricka2_2 16 -32 180 1 1
( 224 144 192 ) ( 224 144 191 ) ( 224 143 192 ) bricka2_2 32 -48 270 1 -1
}
// brush 7
{
( 4608 6544 -16 ) ( 4608 6545 -16 ) ( 4608 6544 -15 ) bricka2_4 0 0 0 1 1
( 4608 6544 -16 ) ( 4608 6544 -15 ) ( 4609 6544 -16 ) bricka2_4 0 0 0 1 1
( 4608 6544 -16 ) ( 4609 6544 -16 ) ( 4608 6545 -16 ) bricka2_4 0 0 0 1 1
( 4736 6672 16 ) ( 4736 6673 16 ) ( 4737 6672 16 ) bricka2_4 0 0 0 1 1
( 4736 6800 16 ) ( 4737 6800 16 ) ( 4736 6800 17 ) bricka2_4 0 0 0 1 1
( 4880 6672 16 ) ( 4880 6672 17 ) ( 4880 6673 16 ) bricka2_4 0 0 0 1 1
}
// brush 8
{
( 128 -16 16 ) ( 128 -15 16 ) ( 128 -16 17 ) bricka2_1 0 0 0 1 1
( 128 -16 16 ) ( 128 -16 17 ) ( 129 -16 16 ) bricka2_1 0 0 0 1 1
( 128 -16 16 ) ( 129 -16 16 ) ( 128 -15 16 ) bricka2_1 0 0 0 1 1
( 160 16 32 ) ( 160 17 32 ) ( 161 16 32 ) bricka2_1 0 0 0 1 1
( 160 16 32 ) ( 161 16 32 ) ( 160 16 33 ) bricka2_1 0 0 0 1 1
( 160 16 32 ) ( 160 16 33 ) ( 160 17 32 ) bricka2_1 0 0 0 1 1
}
// brush 9
{
( 112 -96 16 ) ( 112 -95 16 ) ( 112 -96 17 ) bricka2_1 0 0 0 1 1
( 112 -96 16 ) ( 112 -96 17 ) ( 113 -96 16 ) bricka2_1 0 0 0 1 1
( 112 -96 16 ) ( 113 -96 16 ) ( 112 -95 16 ) bricka2_1 0 0 0 1 1
( 144 -64 144 ) ( 144 -63 144 ) ( 145 -64 144 ) bricka2_1 0 0 0 1 1
( 144 -64 32 ) ( 145 -64 32 ) ( 144 -64 33 ) bricka2_1 0 0 0 1 1
( 144 -64 32 ) ( 144 -64 33 ) ( 144 -63 32 ) bricka2_1 0 0 0 1 1
}
// brush 10
{
( 128 112 16 ) ( 128 113 16 ) ( 128 112 17 ) bricka2_1 0 0 0 1 1
( 128 112 16 ) ( 128 112 17 ) ( 129 112 16 ) bricka2_1 0 0 0 1 1
( 128 112 16 ) ( 129 112 16 ) ( 128 113 16 ) bricka2_1 0 0 0 1 1
( 160 144 144 ) ( 160 145 144 ) ( 161 144 144 ) bricka2_1 0 0 0 1 1
( 160 144 32 ) ( 161 144 32 ) ( 160 144 33 ) bricka2_1 0 0 0 1 1
( 160 144 32 ) ( 160 144 33 ) ( 160 145 32 ) bricka2_1 0 0 0 1 1
}
}
// entity 1
{
"classname" "monster_army"
"origin" "112 64 40"
"angle" "180"
}
// entity 2
{
"classname" "light_flame_small_yellow"
"origin" "148 108 92"
}
// entity 3
{
"classname" "light_flame_large_yellow"
"origin" "120 -56 92"
}
// entity 4
{
"classname" "weapon_rocketlauncher"
"origin" "160 64 16"
}
// entity 5
{
"classname" "monster_zombie"
"origin" "0 96 40"
}
// entity 6
{
"classname" "monster_zombie"
"origin" "-16 16 40"
}
// entity 7
{
"classname" "light"
"origin" "-40 152 152"
}
